# relative_time, cycles_done, cur_item, corpus_count, pending_total, pending_favs, map_size, saved_crashes, saved_hangs, max_depth, execs_per_sec, total_execs, edges_found
61, 0, 2, 135, 134, 2, 3.87%, 0, 0, 2, 438.18, 28157, 903
66, 0, 2, 135, 134, 2, 3.87%, 0, 0, 2, 434.95, 30365, 903
71, 0, 2, 135, 134, 2, 3.87%, 0, 0, 2, 430.43, 32557, 903
76, 0, 2, 135, 134, 2, 3.87%, 0, 0, 2, 433.90, 34757, 903
81, 0, 2, 135, 134, 2, 3.87%, 0, 0, 2, 434.20, 36957, 903
86, 0, 2, 136, 135, 2, 3.87%, 0, 0, 2, 436.22, 39188, 903
91, 0, 2, 136, 135, 2, 3.87%, 0, 0, 2, 433.44, 41396, 903
96, 0, 2, 136, 135, 2, 3.87%, 0, 0, 2, 432.46, 43596, 903
102, 0, 2, 136, 135, 2, 3.87%, 0, 0, 2, 426.08, 45796, 903
107, 0, 2, 136, 135, 2, 3.87%, 0, 0, 2, 430.87, 47996, 903
112, 0, 2, 136, 135, 2, 3.87%, 0, 0, 2, 430.81, 50204, 903
117, 0, 2, 136, 135, 2, 3.87%, 0, 0, 2, 433.45, 52412, 903
122, 0, 2, 136, 135, 2, 3.87%, 0, 0, 2, 435.36, 54620, 903
127, 0, 2, 136, 135, 2, 3.87%, 0, 0, 2, 435.54, 56820, 903
132, 0, 2, 136, 135, 2, 3.87%, 0, 0, 2, 435.11, 59020, 903
137, 0, 2, 136, 135, 2, 3.87%, 0, 0, 2, 435.06, 61228, 903
142, 0, 2, 136, 135, 2, 3.87%, 0, 0, 2, 435.11, 63428, 903
147, 0, 2, 136, 135, 2, 3.87%, 0, 0, 2, 433.98, 65628, 903
152, 0, 2, 136, 135, 2, 3.87%, 0, 0, 2, 433.10, 67828, 903
158, 0, 2, 136, 135, 2, 3.87%, 0, 0, 2, 429.13, 70028, 903
161, 0, 2, 136, 135, 2, 3.87%, 0, 0, 2, 431.27, 71347, 903
